10.6661841751
9.2633654523
8.00103108681
8.35337867542
11.0014166323
12.1427223285
10.5466237537
11.3155467697
6.70734867656
10.4037547382
12.7503777901
4.25592035313
13.0759046844
10.3314333252
8.85518387378
10.6889236919
13.1184087768
17.351608736
12.1332051391
10.7393590192
11.9819568525
5.45513453178
11.2130291276
7.18621096308
9.040566547
7.80730040712
12.0918489672
6.69635880729
12.6261743036
6.56886938257
9.5507509741
10.1392465474
6.82494262084
11.36218355
8.38564847309
8.2450306773
10.2250542312
7.98112676307
7.6657679404
12.5736763571
12.0390274488
10.6380460497
12.0314777321
11.555011904
9.63427619042
12.4892526239
11.4480334521
10.3929699252
17.3527399888
10.0346159474
9.3574278829
7.40270967105
12.3861987668
14.3153600382
8.83002725777
10.9616503187
7.25687784001
10.9194831312
9.49129238221
6.89535531863
8.57375175942
8.37667750907
12.0552315337
13.6155367061
8.73544278578
10.6333527096
5.48946137646
4.81923741579
6.86125568227
10.7006898358
12.8124079909
10.1597716551
9.92227727742
12.2396840726
10.5153659994
6.89057899858
8.65520018725
16.0341230405
9.4296715901
11.2693491975
9.40806315265
7.28770687443
11.9709403344
13.4973167177
7.5505499189
13.3949635601
9.08691612712
8.10173969723
7.30054534679
9.6246256043
14.0478385906
11.6131454246
9.37357483329
10.3060965272
7.50918826679
5.72204358239
5.93203864139
5.94469979745
11.0563066223
14.454805889
10.1358343874
11.4150173491
12.3481147489
13.5363981301
5.83164284499
11.8234266354
8.62076013317
9.09072212115
10.1879962138
10.5051619286
9.65982410416
7.21028094166
8.94326424261
13.2327645784
7.15051006183
7.22230385255
10.5619422791
14.7454266195
11.4868794184
10.4326460868
11.399261093
9.3167228288
5.28440962624
13.3271386121
8.49346688885
10.6370783127
10.6557449487
10.5447657178
14.7862066227
8.75219058089
10.6678273265
9.05533624969
10.2556156521
7.62833949549
9.67741344676
8.96486205646
12.6688416907
9.60463985452
8.4628785163
7.14911406904
9.92615110271
7.94723501738
11.5430163341
10.1233763727
9.08767334938
8.73223850514
13.1869914912
5.03101650766
10.5414548115
7.89669749184
9.41356792593
12.7266908705
9.3380791296
13.9805406969
11.4121303324
9.84277816718
14.427408124
9.3218209737
8.00789159847
14.5617505259
11.4078162934
10.210933303
9.97968970561
8.60025406061
10.7582924974
8.46213058446
14.4441655198
6.99271809656
10.2670997722
10.6941200678
7.43842334141
14.1120283531
8.73288635292
10.7671590308
8.1070645038
8.78956947667
11.7542760223
11.1532435208
11.3111239226
11.6981919243
13.6147524193
8.22641703601
11.7531005369
9.52617414612
10.3013298887
8.16452101912
14.9177530034
13.8647724581
7.68783520601
9.29449134098
10.0667197626
11.613600789
9.53446381082
9.87735680299
11.8744846435
12.9419317625
14.4990455704
11.8448257219
6.84762683822
7.70212286402
13.0442921871
10.283199138
11.7129077657
9.59557777002
11.5718975598
17.413935789
6.51750366715
13.7422204683
9.04406927184
8.30838719298
11.8613620521
7.03365840415
8.99556601809
8.33996740154
11.1146500715
10.3533949244
8.0811412936
11.8459862855
11.5193199584
9.79378308445
8.02602999694
10.9889773471
13.6734570422
8.06531018908
9.61065378735
12.9136905612
14.5100566805
14.4781762928
11.3273677906
9.55175092609
12.080191221
12.2783264932
10.0746601738
7.85172923347
9.64057406554
11.6012035553
8.74794258784
10.6231710403
9.95167006582
10.7463928489
10.5269860047
8.78666770557
7.27613859017
8.07354311585
11.5147711605
10.3954827985
11.614448158
10.9963316977
9.7774699817
13.7215091942
8.33662727697
9.63382271258
8.43979613851
11.6634609298
7.93388232786
7.24118615421
9.30685424336
8.55604315316
12.6330154603
11.1117486116
6.51013326742
7.24380258659
5.2225724999
10.8818593495
15.0396013838
11.4054241604
11.6821759905
8.62120947921
8.43541759365
11.5342727302
14.6615439211
9.40487791479
9.74173851102
8.16903454449
11.5376617105
10.071311683
12.708073829
7.78415675494
16.6204410876
11.1089022344
7.5335525555
6.44078557938
10.071729931
9.37620665135
7.41422004759
6.67778802247
4.55458508861
10.5411708764
8.77656983006
9.34698522684
9.39467349619
8.80622016949
12.3772642045
14.2953404971
10.9110017871
10.8270908282
8.8681978796
8.49154323782
14.8203200577
8.6502534088
13.4983840773
12.6507831371
9.16050625918
9.54015932416
8.14073250237
8.83282323106
9.95873026577
8.52432445468
9.42939693058
11.3452870256
8.39940311769
11.8631606735
8.89258586513
14.007692213
12.7060553129
8.63488862156
10.7531324649
6.73554476163
8.14094590284
9.72609029721
7.47554766826
8.48538974746
11.4372779279
8.56499135851
13.4094978629
11.7203660394
11.104942015
16.5770398406
14.3432583895
8.720306165
9.29701049331
8.52433455026
11.0894025195
10.8072056007
12.7497209609
6.55868573324
9.14588462598
11.8709350973
10.8501125945
9.41237049649
12.9110412467
12.7928202371
5.66698433527
8.7779592969
11.7114712795
12.9544942186
6.97541070299
7.1996015772
6.21593921928
11.2241563662
14.9843786713
9.07579007069
11.0320184785
2.13924578207
11.2278958622
10.1113084582
8.29931685196
9.43571402497
13.3531962744
9.89414628034
10.2007901803
12.668075175
9.66894757826
10.6859318451
7.47451398263
16.3566382077
15.3645986413
7.67380837279
7.27651104698
4.303774964
10.2174105413
11.898397305
13.1271919602
11.4747379254
15.2070435942
5.50084450462
16.0798179896
13.3099908743
8.90235284291
12.3400152953
11.1002807366
10.2750589219
9.27070228542
7.81215858206
8.62901564827
14.4392372045
11.5314135968
6.78938752575
12.7818558575
4.25842900628
8.14909565632
8.00968229179
9.66282161541
10.0609767399
8.96488405189
9.10248061362
12.2465959048
10.6333891477
7.37619098318
13.3551547994
7.8635899643
10.9530936659
14.1952825079
8.86145584953
8.24070472544
11.6434570177
8.34805831504
10.62861734
8.37274691641
12.9947446838
13.4184596598
10.4254964438
10.0344004574
17.0447181336
10.8850591176
11.7705025083
8.32892710157
15.1084301768
10.5628559927
7.23395806379
12.2827703694
8.4949739333
5.3359262091
10.7768780984
10.5923385185
7.70797315988
9.50774712534
10.3397745422
9.95415446351
10.8696943733
13.5865197898
11.7244070912
8.5938355955
9.89439054342
5.70024714786
7.88989065247
9.64966239568
9.09082114921
10.0079370145
10.0387187791
11.2559309215
10.1522733475
18.5500356327
12.2025305458
10.5423250631
12.7526154087
10.4215220445
10.362230681
12.1157554561
13.9005476078
9.19750053997
10.538999565
7.99803140224
7.47891463265
12.6381423858
5.34487673701
10.9539523492
13.2097444617
9.93352463621
13.403173001
7.31968970449
11.7658640132
13.0217705669
8.90433326994
12.3267651964
10.8819481201
9.5623356016
5.89472303874
8.02983704432
10.5722631561
10.610608344
11.0053883413
7.50897472199
8.75732543737
14.4960850627
12.3529517516
10.4241185714
6.01441397837
10.2152108847
10.3668054708
9.54622587076
12.9946714264
5.72210425534
10.1851417176
10.6215990097
13.2323900975
6.60623820229
9.04868279977
9.01103325095
11.5938839903
11.4730885611
8.63737230456
10.902172092
14.6357194555
7.31542523618
15.7860378943
11.8897714476
8.88026372173
11.8592072267
8.6626087057
