16
11
5
7
16
8
7
12
7
7
8
6
12
5
8
11
4
14
8
9
8
10
17
9
13
14
6
14
13
8
16
15
9
9
9
18
12
11
8
8
8
11
8
6
10
11
8
18
8
5
5
9
8
9
11
12
10
5
9
16
8
5
11
11
14
7
9
7
12
16
12
8
13
13
8
11
9
7
7
9
9
11
14
8
8
9
10
14
10
13
8
9
17
7
3
20
14
17
9
5
17
5
11
7
11
14
9
13
9
7
9
11
8
16
9
7
10
9
12
9
8
8
6
14
7
9
2
9
8
4
7
15
9
8
10
14
15
8
12
10
9
7
11
6
5
10
7
8
6
9
11
12
8
10
8
15
10
9
12
9
4
12
12
8
17
11
11
10
11
8
9
12
10
12
9
12
8
12
5
11
9
8
9
15
9
16
11
9
8
12
8
5
7
15
8
5
7
13
12
6
12
22
8
10
12
6
6
3
7
15
9
8
14
17
8
8
12
10
10
10
13
10
8
9
13
8
16
14
9
14
15
9
11
12
16
7
9
9
9
10
6
8
13
11
11
15
13
12
6
7
7
11
12
7
16
7
4
12
17
9
9
14
11
9
19
7
9
10
9
10
13
11
7
10
13
14
13
17
5
17
13
11
10
3
8
5
7
7
9
11
9
9
12
14
7
13
10
11
9
8
7
5
13
14
10
10
15
7
6
13
8
15
9
3
8
4
12
11
12
13
9
11
8
6
6
8
8
12
11
7
14
9
13
11
8
11
15
4
7
9
12
11
14
10
7
8
14
11
19
10
7
13
8
7
12
8
6
12
13
19
11
11
7
16
8
10
7
7
15
5
13
7
10
12
5
10
12
14
20
6
10
8
8
9
9
6
9
7
11
17
10
14
10
5
12
15
10
15
8
13
10
12
8
7
12
12
9
6
7
19
10
9
12
14
15
6
5
12
12
19
12
8
3
16
14
8
8
6
15
6
9
8
6
14
13
14
8
9
8
11
8
12
12
8
8
5
12
8
9
11
14
13
6
11
13
11
10
6
8
6
13
19
7
8
15
11
8
6
14
8
10
15
12
7
6
11
12
6
11
8
8
13
15
7
9
9
7
7
7
11
11
4
12
14
10
9
13
10
8
11
