0.471975405397
0.446277610862
0.122349625168
0.171751817543
0.124944627619
0.470465549358
0.545883707373
0.42399971216
0.768505007229
0.989442875753
0.836955913588
0.479892971495
0.669375871657
0.698300013968
0.480228087359
0.726861118941
0.612086681091
0.948165233266
0.443784656893
0.688116640949
0.811124572522
0.585747783485
0.633711404982
0.771590709838
0.428017025462
0.875941902895
0.629753484294
0.801855479373
0.687541092232
0.254532940273
0.407585532596
0.563723955132
0.0773855917358
0.8587482264
0.0314525670119
0.700986431902
0.757088110555
0.290022887046
0.885889818876
0.485781509845
0.505620797221
0.71318111276
0.771829583562
0.920488399469
0.478390858736
0.928065294318
0.60937977571
0.0633982474798
0.171938889904
0.706986813008
0.923251174635
0.60100297937
0.358343219402
0.0497202158117
0.858574119726
0.931110408826
0.0990989176473
0.132168566236
0.729694293898
0.20732926036
0.440088565225
0.929728466596
0.929275408737
0.0308134997162
0.725702114935
0.554977767822
0.74348607424
0.977461509206
0.326506260473
0.761301294659
0.773488094409
0.850696557391
0.0824003929388
0.0588713356576
0.665873757556
0.250157521973
0.222582353803
0.356757322187
0.715005599895
0.797856246314
0.426702501111
0.361383674197
0.675424914928
0.813222237913
0.31064395912
0.519176574611
0.893345061699
0.67692197743
0.278322131377
0.0833322482075
0.057945000374
0.793815269451
0.495421293984
0.338382357878
0.615199943069
0.716358603989
0.136740630456
0.501173894066
0.59257427328
0.537963515958
0.285848168174
0.590276630166
0.384524575985
0.797505349629
0.675379718481
0.0812251506752
0.573919300493
0.644119327758
0.52666429937
0.508556077626
0.84687666106
0.0815482185536
0.771761477658
0.870637498375
0.0501670261264
0.353043262601
0.825499989143
0.263203648417
0.859044539261
0.710595472706
0.335127487329
0.511598706622
0.301571680197
0.292780890976
0.63724525238
0.0182421977083
0.650478751093
0.745167232821
0.484016992555
0.453552724923
0.0623983236516
0.541655028065
0.697539854813
0.55380202635
0.484472875348
0.599429083708
0.769215232671
0.321286724626
0.804488310714
0.497017454997
0.795689880448
0.932976297637
0.943919605156
0.684362363297
0.163720200739
0.627334875097
0.659751775935
0.83490526095
0.278100723208
0.543286562546
0.114278279343
0.0509930846407
0.716951990089
0.0668045311449
0.180903976588
0.0393504162211
0.625483039358
0.437386995984
0.473889543962
0.884235310548
0.0654983531944
0.781479808499
0.912939953908
0.835750592767
0.512923380995
0.319971622863
0.530084659969
0.0423777518462
0.833158213251
0.90109506292
0.88176004853
0.517152230826
0.565638520779
0.00580803872332
0.677490155576
0.428124287614
0.390558379942
0.619849975104
0.28986112378
0.431084486423
0.58662746319
0.232874111908
0.855050335501
0.947700577801
0.26685038751
0.302072482907
0.659372037637
0.315533395477
0.0236317133169
0.875110064371
0.0163328528948
0.213516137323
0.635840384073
0.242306064524
0.958648447129
0.923513793642
0.642457737693
0.521826918116
0.756957401651
0.423243244911
0.345765290076
0.215775641298
0.753818026279
0.0388560628742
0.467044625212
0.553565356097
0.709972019033
0.714523875531
0.465605849627
0.600889103308
0.35404706288
0.350480032018
0.801901294338
0.667825813061
0.172316511712
0.429213337982
0.340592933988
0.260984886105
0.242309395658
0.0353033109045
0.529649963237
0.0567076162104
0.161440912324
0.836485283747
0.230952391194
0.963440849477
0.109293232072
0.351256448169
0.611087821211
0.861136634365
0.560659589069
0.142806607151
0.549402667316
0.63873659172
0.357921919855
0.996749067605
0.8449310305
0.983351799828
0.123320981618
0.282211117097
0.899995291813
0.338186333348
0.426596421371
0.90976154064
0.42943062045
0.23373613648
0.187452975856
0.780687465846
0.775505073852
0.635311117312
0.534815504991
0.930873622488
0.550972386436
0.505490995339
0.22911195197
0.751576330143
0.484796032247
0.720784594782
0.486960218578
0.989502495301
0.74984797088
0.752187664493
0.307847864082
0.26022699181
0.125064165766
0.994843085695
0.451290342081
0.678319857621
0.0557914048674
0.752552475326
0.257532973059
0.775953296801
0.673876094218
0.8807746868
0.766421301751
0.0382346137334
0.631948047369
0.210665997181
0.163848030924
0.668266265033
0.920122627481
0.72312079245
0.0500227192395
0.182076303146
0.353309539654
0.109177932883
0.868139188762
0.28860476171
0.567485434413
0.426056140506
0.784636423759
0.00783807152055
0.0163009245836
0.192139799913
0.321659352983
0.46844623379
0.652123577745
0.848955835359
0.539814316382
0.427681689623
0.0628046053828
0.819042749944
0.473758494945
0.801645003688
0.894577430045
0.041998384079
0.532757793323
0.969483923052
0.940816454094
0.0585089176271
0.228875643714
0.574276578721
0.970668818563
0.170178628871
0.313684643356
0.249543028606
0.0197335368951
0.523177962818
0.0981429105032
0.645569699643
0.568037065916
0.405970763483
0.3229928515
0.656429875986
0.205168319068
0.886648180422
0.479447762024
0.525184847805
0.737845066574
0.606472641848
0.381652174304
0.251201303882
0.344633971087
0.622712402039
0.314485018408
0.811596931436
0.341948525703
0.477674984737
0.589240847626
0.244663905986
0.315901915048
0.685345775735
0.00603628776109
0.567747279334
0.542425987317
0.610742626336
0.129239471988
0.944938886629
0.284930277805
0.310463616198
0.636103676086
0.191651823259
0.789589210428
0.350753485573
0.674720580357
0.522534779184
0.952655699553
0.900205160454
0.946723273828
0.53885872781
0.108377998023
0.198920612853
0.36786458115
0.0943591061268
0.00213947560187
0.254533068764
0.247932549442
0.459787797788
0.355818556869
0.50241793523
0.202499021233
0.127517509605
0.826480782863
0.784160055712
0.202304342034
0.961241426713
0.607780659662
0.913605914426
0.839293760052
0.213175681522
0.923590878194
0.432260592624
0.14298462831
0.171241463821
0.970613225656
0.50572853917
0.532100224461
0.69741745084
0.905966392533
0.537569644774
0.242019589437
0.160941720529
0.144987907801
0.0484142976186
0.359165215358
0.847435985569
0.694363685083
0.191154644313
0.547230718101
0.267202885621
0.850899569306
0.909816227291
0.772103188739
0.725776588906
0.137387630086
0.478798150898
0.395797422053
0.023197555177
0.75313384343
0.992223056727
0.138697121108
0.0828300901962
0.468891329574
0.590691886337
0.0370815861627
0.795054251606
0.528499739273
0.660341508734
0.867341808901
0.250990843905
0.29201803029
0.510698646049
0.38163860069
0.744339507583
0.817867619956
0.86478859293
0.469750412966
0.75847632745
0.228994593263
0.49069090178
0.718095361426
0.0588116559168
0.266224822969
0.195441662089
0.0861558090773
0.633864296191
0.000986284779856
0.643698562901
0.464193334462
0.445909105043
0.887416747266
0.0333841742029
0.573196833489
0.30282870392
0.972034670881
0.15293860177
0.946111880835
0.312499980418
0.697677804237
0.189170061607
0.417180885716
0.400781869215
0.753270404463
0.723967460885
0.140757383824
0.783029046509
0.709017754486
0.456774787043
0.784727841555
0.510181697231
0.169397843694
0.869834858739
0.0552847012345
0.755306248051
0.99150463423
0.0183343825441
0.455527281972
0.514383180084
0.107774306849
0.373402160387
0.0641027982874
0.404283962504
0.385638446976
0.150977128611
0.176272870877
0.538672952251
0.942358283529
0.871316236639
0.764291508052
0.119852603374
0.924688533979
0.243936865066
0.579201372962
0.2349055308
0.0514493630482
0.776169497698
0.849186585197
0.371879471727
0.573763267866
0.49770532054
0.519702365919
0.915713817872
0.807676292397
0.433600464452
0.00188235285105
0.527405724163
0.95490352705
0.761020855365
0.203330516184
0.331180292922
