1.02647921453
0.856506001736
0.287956649478
0.7593083267
1.53168570715
0.0766260820861
1.31104297854
2.38954179069
0.207881382791
0.261930925835
3.44372288764
0.0907276401349
0.0939416937077
1.13314629744
1.17908705728
1.94611507303
0.745340343853
0.467168968407
2.75641601061
0.305435331415
0.436882995497
0.737599690441
0.155277648209
0.0417541062863
2.44243960307
1.62351659247
1.16967580142
0.0391174837463
3.23397816353
1.10885980143
2.61628101597
0.693452464859
0.526857405432
0.606397047186
0.329294594816
1.09037638426
1.11025395443
0.159100306455
0.177031228445
0.62926095706
2.46949576478
0.459094151286
1.56654495744
4.74408637453
0.623595860367
1.36052345226
0.327906136483
3.68880141114
0.0787714937381
1.49842833087
0.4949094753
0.259777923435
0.812151805116
0.0214567261984
1.10270183759
0.672055231222
1.00512395134
0.215374060036
1.27706980441
1.70538680292
1.03214174227
0.132615130959
0.0941734854009
1.85545057453
3.57000131054
3.78761616128
0.693976313748
0.900238659597
0.693464757326
3.27655676976
0.883921201162
0.889992751328
1.1750937894
0.833175866062
1.30429705946
0.00426662081379
0.147331957589
1.56684673986
1.00140644906
2.27005069998
0.198460718621
0.190850563869
1.69868736485
0.0395672580222
0.467902624292
0.358364642332
1.2768010867
2.86349471277
2.62411242728
0.228552542211
0.101769772461
0.586276983964
1.10291300341
0.571791173816
2.63912441415
0.502364372703
0.554246220446
0.292060898099
1.086010765
0.711423701358
0.521350351857
0.412750664038
0.961485282737
0.636746386133
1.22239677539
2.76025138518
0.892791021347
1.15918164648
0.104740042097
2.35044862594
0.0476197883442
0.433650329266
0.0208648539042
1.39063908808
0.416204270495
0.00771349534935
0.815680072908
0.131776656352
0.266132377815
0.296165703702
0.562005383084
2.01880462411
0.500034395919
0.0518358699113
0.365413500363
0.554382608637
1.35429015998
2.41414289957
1.19693794254
0.738615455031
0.493902483071
0.12195381443
0.406986467724
1.60635167914
1.10035639069
1.59435061818
0.379713739771
0.355173427251
4.14316361255
0.828725217413
0.813729443855
0.078989420339
1.31680205537
0.774525083737
0.0660607155634
0.082285402901
0.135525176817
4.30889868424
0.749689356546
0.163287433981
0.901083755456
0.394372895008
0.932864226021
3.46197245334
0.346372127704
1.70660467073
2.00450419347
0.158009647253
1.07411372553
1.25065311395
0.412495333533
1.02181765062
1.12592040439
0.205960088189
1.33096225583
1.10438438075
0.67671810829
0.871603195253
1.00196747221
0.830681294768
1.16392482891
1.10199127171
2.2065544185
0.686595101632
1.42677463975
0.189503678718
0.658883097475
1.13718060874
0.35794174958
1.30036936676
0.45175031741
1.88194095025
0.150724161658
0.363527416531
1.5009116664
0.376297192294
1.14389903143
0.0842219376321
0.265082469046
0.0611285288062
0.52507688914
0.275574112426
4.1379579163
0.520630473102
0.978256674908
0.00487646991506
0.741454322432
0.416247663322
0.80670950564
0.332923171746
0.478595250436
0.00291251831263
0.360066002999
0.0365373253798
0.382624514787
0.89303643529
0.831972263504
0.412739856042
0.5584451451
1.84622420721
2.09587949805
0.946580017647
1.50320534163
0.279132466115
1.48635211805
0.228062329928
0.384243596271
0.0656308706184
0.751940614316
3.29072507958
0.980261643013
1.94160408364
0.631188613209
4.92200153116
0.00165533260931
0.208081754973
0.0821284726208
2.39850575333
1.29493968344
0.477967087659
0.151571104266
0.2654290349
0.17606212741
3.79487141274
2.24917501773
0.0378690193212
0.592934255452
1.04227282853
0.176910349657
2.90902407447
3.49465795517
1.00490279586
0.859269278691
0.812359133258
2.18534018107
1.49055244797
0.504175701143
0.241394471373
0.608698576424
0.776674140054
2.10885908845
1.04239890693
0.370710950913
0.0701222958431
0.732125690391
0.041655097133
1.0628308698
0.193843610903
0.934878874429
1.11095488822
2.94798671056
0.0236323547295
1.23791184321
1.18733820659
0.359977906594
1.09176779599
0.0729737496629
1.02787134638
0.115228012025
0.153704107465
0.410891690045
1.43111314814
0.409181103231
1.49329437854
0.227089429473
1.73491192563
0.315065668558
0.230798621542
1.59183541878
0.400769702121
1.88891625416
1.30241467424
1.47851363546
2.21030215715
1.1444443813
0.125869413657
0.86020028308
0.19967341106
0.413734642118
0.508233695339
1.8861571279
0.00753260700705
0.281091670996
1.9956301183
0.19451522034
0.253707857752
0.0380452813046
1.6633702343
0.167772626395
1.50941871497
0.930483831556
0.420972489295
1.38279706042
0.155695014755
0.21862830408
0.487408805684
3.52903764026
1.30426940827
0.397899874877
1.51073953312
0.749864607275
0.0680037545996
0.677483971764
1.46956402029
0.209934752531
0.183690211067
1.18508808502
0.459281089168
0.605367023874
0.0674620931784
0.693998321761
1.82697268765
1.01350514031
0.700452542311
0.167441262822
0.874551016404
0.428127874098
0.216600734088
0.235407560823
0.619949272666
0.122360366696
3.51910542309
0.417038492959
0.88063832941
3.35839146912
0.519879067401
1.84627681828
2.03606920108
0.69795245707
0.381366521491
0.757092171718
0.911479723887
1.29066980167
3.74906228042
0.413231993015
0.544169827514
0.968195992476
0.239568909295
1.49083989774
0.605971794175
1.39071511421
0.0891645392191
2.7642386099
1.02765477233
0.061042083647
1.25235649835
1.82847530588
1.95954751883
0.142429254935
0.872436801839
0.233613169582
0.299817850685
0.954694337536
0.68244331096
0.407227446025
0.764664449193
1.45888843359
2.44205271297
0.588209585586
0.0413464540154
0.202299398604
0.4108478908
0.157888677938
0.503118914401
0.171510103664
0.452451358795
3.75442091771
0.0524074085883
1.00313673456
3.07948186827
1.53080884896
0.550517723285
1.23995144301
0.497916736363
0.707906559486
0.449626148891
1.78763023274
1.97694780161
0.293785456079
1.34122385295
0.367850728051
0.0332134027528
1.3830835027
0.950721133212
0.542268907975
0.726329698223
0.337237124522
2.00280309376
0.1649175987
0.0519956576124
0.597815678333
0.211168661213
2.10426767588
0.2894133363
0.922374624351
0.940829241731
0.44503142254
0.119718708263
0.338900561516
0.0956020262516
0.732358288869
0.196851885818
0.416286313171
0.262595254588
0.0145501984811
0.829185617711
2.84600651861
0.649474720815
0.860126666087
1.25094925706
1.9497359857
0.832849239858
1.74361571766
0.507105239104
0.393405483584
1.37498650403
0.403634766555
0.324583107059
0.526492371175
2.18775513837
1.29842496089
0.615149607468
0.2849681987
1.4924125995
0.84273414942
1.3278937672
0.130541326832
0.514279661328
0.359656640937
0.256750923787
0.630655572619
2.92346215909
0.830278427826
5.38531157083
0.643406770077
0.669649349074
1.84456582371
1.3622479299
0.780850996539
4.20383954101
0.592999872432
1.55867578983
1.43216746311
0.466368765885
0.935549123399
0.455602551277
0.610251664341
0.799469834452
2.14977645886
1.00942656225
0.125968212951
0.28661082123
0.30610587376
1.11246082082
1.67367450144
1.97638523021
0.231707375247
2.46398780707
0.23146399832
0.688559552249
0.23138290508
1.02369586382
0.644553918596
0.152067041221
0.179004959279
0.750892029175
0.414998641526
0.439881053177
0.272638028636
1.03208687106
0.953563217357
0.0712329045506
0.25759875136
0.273178646154
1.62843198741
0.622869120891
1.81696070833
0.838680239359
0.0596918217118
1.73080967891
2.30608753767
0.974030253345
0.374741437181
2.07339729307
0.0174213436199
0.366058255013
2.5823871321
0.595717378866
0.940816363074
0.239705323772
