0.0027435918604
0.0118340339726
0.0191161806526
472.325845257
0.0019752964828
34976.4436546
0.000565733711774
2.6033683412
0.0047396623359
0.0021560804612
207.597043069
1162.05673582
0.119091787784
1.64119601524
186.689345502
21.326522302
0.00330054585308
0.00046584132172
0.00290238093807
0.700223029916
0.0104218168755
7.50730956563
5.47253315723e-05
23.8855237561
31.8008191434
0.00246821240599
762.08913192
0.00413884451543
34.2670940206
5315.72758343
0.0471198919444
0.000127493855386
490.235956927
2.7071668029e-05
7.55230793826
0.00150057901575
4.67953532918e-05
0.240914513695
89.9209105055
0.245738758328
0.00350150119777
57.0327074815
0.000300793656462
0.0338722843991
0.00312851416727
0.547451653018
0.00138189666416
42.7362512992
30.8950191454
0.000676209294442
0.835416365572
9.35485755133
18.4610820036
67496.0587455
0.102710357283
0.0167758642078
14.8077588619
0.268547967891
10.176624206
40.9840967358
6.15512641044
0.0195714180639
0.177625800843
121.973171617
0.157577705782
0.541959080151
27.6043929955
0.0325293044386
1.29040483406
0.187590447944
10.741120227
0.199837022375
0.183473842369
0.0639537181932
0.202485693107
0.591702004904
0.145948385259
7.25300917658
1.14508755704e-05
126.710922723
19.6331146879
0.0123806158265
0.00159680489599
4.19864555312e-05
0.0129239601619
32.7203833182
19.6211080935
7.06111923462
0.000427609008245
5.4092783658
8.19742102235
1.42366060653
0.00260796926943
868.421748616
0.113152471265
8.68691996936e-05
14.0984520096
1.22760836883
2.19052326093
466.859271883
0.00688833605748
754.067279753
6906.41586487
0.0104550069565
0.000123907095992
2.87504788786
0.0836033903414
17.2187770241
6680.76955132
0.000555703040778
8.0119977934
26646.3535854
0.538763529015
26.3790353501
5.14615264639
2.11625033119
75.4249414435
0.174651865799
0.28317010445
14878.7641653
0.708288239912
2.11029808658e-05
0.000379853285977
0.267525243325
0.00111958859956
4.74499421695
0.96164183
0.117137110368
1.01760786598
2.97072159878
0.141939000912
73.183335277
0.00638954205042
0.116450380048
3162.36221894
147.401806219
2.77952868753
22.9320571653
0.0931912667837
0.0181529925094
4.89591341124
0.00854108076064
59580.8203355
0.000779754559336
0.661863477148
5.98859413677
275.542974465
4767.98516411
0.00130290791618
0.00286895897476
149.121580305
0.0184758749109
1.20030110119
0.000688219090889
83.8178890048
3.48427327273
0.0861556144918
0.00321296279795
0.266754361763
3.31050287184
13.6230581548
3.80425343341
13.7823577491
0.016864099766
12.1646120319
30.94331674
36.0763419794
61.0032733606
0.221518322759
0.0200195897479
37190071.1876
0.142465771291
0.0393825174378
0.28441563323
0.000559183520301
116.859497344
0.262425827779
1.50044796788
1.06497113749
0.856589091821
704.876203123
0.292444986731
7.72436842138
101.088369126
147.862039312
3.19206979097
24.2800521926
6.71821192101
3.67351055076
455.762999256
2.50310215215
0.0317791318116
0.00295326803334
199.785298201
0.119392458695
0.00542801235397
1.03954983152
1.0100450853
331.219489444
0.0705481587619
0.011344080474
1.43067179319
0.0187774588227
135.044213349
22.3362627784
19372.2025624
3.04345645284
1572034.41266
88.5778177988
9280.10634994
0.226198537423
0.767022132927
6.6399033179e-05
0.646303029519
0.224209297866
1.45567220841
0.40843205298
0.0713849355201
26.5299713171
0.0512578240012
0.421665346954
9.74268432945e-06
1.75288524752
2.52443389864
7.80990375499
26.7629990604
1891.03738366
91252.4124023
1601.74014726
0.0108267024886
167.087744321
13.1962346523
825.156542147
0.00573910118495
0.163190059878
0.059268580865
6.58862658822e-06
652.189859735
0.470176892381
0.293200650026
255.023963893
0.963232802171
814.843253526
2.32661839111
0.341681775986
0.14934617782
13.362882576
0.0400794991262
449.017440666
5.51111514001
24.7357496261
0.663397828517
0.000637499857181
0.0522473574058
1.8929398861
0.448739976021
0.369003802722
0.545349276819
21.2700893942
0.0551457100797
150.728173943
141.911890319
0.00468329070092
0.00127209889447
0.937205880116
1.59413860455
12.0659801669
105.301421287
4.26511976266
0.0150767415901
0.000383293162222
17.595105337
1.55298423249
2414.41812487
1.14284581577
0.00761275235664
557.63600152
2.78952144863
0.442957821616
0.00104398698809
0.0013423385236
1.09559877152
1.7433372246e-05
0.128567893628
74.1041715044
3.35176803423
0.000881052848375
2.71419804541
42938.3692692
0.00415472567341
0.153838106051
0.176165304274
0.21464917163
55.5679964705
0.286726403078
45.575225461
0.607921972576
0.1108287092
6.79639809504e-05
0.576072347975
5062212.03926
0.00286827924659
4.26764072389
0.211682532284
0.00815074702863
0.106844167041
0.663530378743
1900.02021496
0.540667884595
45.0557975949
0.124336412629
309.918937652
1.74856439672
29.1715754081
0.0313200666021
11.5950192662
0.170099801906
0.0058005338434
1.14474407182
124.59736521
0.86422291455
185.881055073
1686.79368684
2.36103729528
2.73286949044
1658.98100073
13.4507692763
1.13874403671e-05
108.994704409
5.20979425921
0.61240247816
0.0152687170249
0.159992619295
9.55987809711
0.0023865768522
0.0356374991357
191935.829
4205.32759204
0.649242113654
381.369457693
0.00465839963429
5.88201848241
0.00976937199092
6.36206543265
3.69707960383
4.94055165536
53.4962259404
0.0752930486894
2.85382084959
16.1423044624
0.0365684918032
4291.26561476
0.169373886341
256.663263184
14.4312992456
35.6836041165
0.000410545460931
1.10779743616
0.000708659040701
3.62280223966
0.0968441281987
1104.66992353
0.00940659072209
0.00463119278845
0.66040730092
0.602691916431
135.546059392
0.00348392658349
1.66196939287
0.353252648678
10.0035183849
0.135717220874
0.0244669434966
351.518169584
0.90722306805
21.308979442
0.396790805612
0.0100806914908
0.340735595449
0.0186252641715
8.23278326906e-05
1.28223747189
0.0752850961497
29.3969707149
12.2707713779
0.000830152712929
21.7086450054
0.160872329091
282.217533197
0.00109554491798
21.2688873591
40.9774509113
273.050599487
0.0022244079531
0.00117839921484
1.31324642559
0.126372659311
0.0162034768343
0.33790364424
13.2847173297
0.00705560037293
0.000984493245433
188.018471867
0.113213833792
49.0702990559
1.81917857383
1.31768453507
1.76438507276
0.0214424888082
0.000971684835418
7.49515699412
2.81074831628e-06
0.0151126530323
0.0031355348652
0.005351180053
532.330267452
0.809332074059
0.240667559639
1.44419960464
36.8338547061
0.154985654267
2.78418870854
151.012519203
0.0150358554809
2.01003074856e-05
52.1389332137
0.000644790052933
832.282511373
143.17840126
204.726995278
0.00624193902418
3.38480755649
1.42565013431
4.30237903422e-06
228.786314894
41.9790212291
0.0627998404406
1.33116456845
1.55136546228
0.00192860850084
0.0399315303569
26.4023237135
0.017299482263
2.76732269915
0.00637661116665
3.38069903351
7.19444474021e-06
297.921862881
0.181103920038
2499.60454468
0.0117112039996
0.0105292125886
3.55823748464
122.422994445
994.131277333
0.157885362943
0.760518342321
0.00536589471923
0.000389108783764
0.408339309208
3.06078797968
53.3630990368
0.0771201026848
9.17343738352
0.000552650892901
14.7695857255
662.351803866
1.05172097196e-05
0.0167548016546
2.77859303809e-05
1.45149262848
38.456796256
25.5479592442
35.4692522755
803.804474479
0.225554001713
0.202958092333
18.211226846
0.0599647330629
292.229258747
5.20840799816
0.00283933826772
50.5839969234
12.603868697
12.9655196919
0.145976427825
0.0554183168586
0.303843522587
0.137890873896
960.887742691
6392.60057071
16289.5613734
1.89610880581e-06
2.60531393723
0.00177669702759
0.138976046457
0.000553355813567
0.81811526594
0.0886086622144
92.8807903414
